02040152
02040718
02050071
02050498
02050621
02050622
02050627
02050692
02050696
02050720
02050827
02050873
02050886
02050980
02060005
02060006
02060007
02060010
02060011
02060012
02060046
02060072
02060073
02060074
02060096
02060180
02060564
02060566
02060570
02060574
02060730
02060808
02060822
02060827
02060830
02060831
02060837
02060841
02060913
02060914
02060940
02060955
02070001
02070020
02070044
02070070
02070342
02070407
02070457
02070462
02070463
02070464
02070465
02070469
02070600
02070806
02070807
02070901
02070913
02070915
02070945
02070955