00440000
00440101
00440114
00440170
00440173
00440174
00440175
00440180
00440184
00440185
00440191
00440193
00440196
00440198
00440239
00440334
00440339
00450000
00450001
00460002
00460003
00460005
00460052
00460055
00460188
00460189
00460195
00460197
00460200
00460201
00460203
00460205
00460206
00460208
00460209
00460210
00460216
00460225
00460237
00460239
00460240
00460243
00460249
00460267
00460271
00460272
00460275
00460278
00460332
00460342
00460733
00460746
00460831
00460868
00460903
00460918
00460968