02040000
02040007
02040061
02040063
02040065
02040090
02040204
02040407
02040626
02040722
02050012
02050017
02050104
02050152
02050154
02050257
02050304
02050427
02050458
02050459
02050501
02050510
02050542
02050571
02050574
02050576
02050579
02050582
02050622
02050627
02050638
02050668
02050688
02050690
02050720
02050723
02050813
02050822
02050826
02050878
02050922
02050923
02060005
02060008
02060009
02060013
02060015
02060044
02060073
02060095
02060101
02060284
02060403
02060567
02060570
02060730
02060808
02060819
02060821
02060835
02060837
02060838
02060841
02060842
02060843
02060916
02060919
02060931
02060940
02060952
02060955
02060963
02060964
02070001
02070002
02070020
02070041
02070045
02070440
02070450
02070456
02070460
02070600
02070701
02070825
02070830
02070912
02070953