00140603
00140616
00160210
00340052
00340210
00350008
00350010
00350024
00350026
00350036
00350044
00350045
00350049
00350053
00350124
00350146
00360003
00360004
00360006
00360010
00360012
00360013
00360020
00360026
00360027
00360031
00360032
00360035
00360041
00360044
00360055
00360057
00360058
00360064
00360065
00360070
00360071
00360074
00360080
00360081
00360083
00360087
00360088
00360090
00360093
00440140
00440252
00560166
00860576
00940564
01340019
01340127
02760011
03140309
03140312
03240864
03340274
03360021
03360502
03360520
03360521