00940101
00940142
00940170
00940189
00940196
00940197
00940198
00940199
00940204
00940219
00940222
00940224
00940241
00940290
00940313
00940314
00940333
00940334
00940345
00940347
00940395
00940411
00940412
00940423
00940481
00940504
00940513
00940520
00940564
00940569
00940591
00940594
00940701
00940702
00940703
00940704
00950140
00950295
00950605
00960120
00960210
00960231
00960235
00960250
00960260
00960262
00960265
00960275
00960290
00960291
00960293
00960310
00960336
00960400
00960401
00960411
00960414
00960415
00960425
00960450
00960501
00960570
00960586
00960600
00960606
00960620
00960692
00960807
00960815
00970135
00970136
00970140
00970200
00970209
00970215
00970245
00970247
00970260
00970317
00970328
00970334
00970400
00970414
00970447
00970510