00360004
00360005
00360083
02070953
02140120
03240236
03240247
03240257
03240260
03240261
03240263
03240265
03240266
03240267
03240269
03240270
03240271
03240272
03240282
03240283
03240284
03240292
03240295
03240297
03240299
03240397
03240424
03240432
03240439
03240442
03240443
03240444
03240445
03240453
03240456
03240457
03240461
03240462
03240463
03240474
03240475
03240524
03240527
03240528
03240539
03240540
03240541
03240675
03240697
03240702
03240864
03240917
03240929
03240940
03240943
03240946
03240948
03240949
03240966
03240973
03240983
03240992
03260000