02340291
02340313
02340326
02340329
02340493
02340901
02360025
02360026
02360201
02360203
02360204
02360206
02360216
02360267
02360271
02360272
02360306
02360319
02360323
02360328
02360329
02360330
02360332
02360333
02360334
02360340
02360341
02360345
02360346
02360347
02360349
02360350
02360360
02360363
02360366
02360371
02360377
02360388
02360422
02360490
02360491
02360496
02360499
02360501
02360502
02360503
02360506
02360509
02360520
02360522
02360613
02360624
02360629
02360640
02360646
02360664
02360703
02360716
02360729
02360754
02360755
02360756
02360757
02360781
02360801
02360802
02360803
02360804
02360823
02360824
02360828
02360832
02360874
02380739