00940101
00940142
00940170
00940189
00940195
00940219
00940222
00940224
00940241
00940290
00940313
00940314
00940333
00940345
00940395
00940411
00940412
00940423
00940481
00940504
00940513
00940564
00940569
00940591
00940594
00940701
00940702
00940703
00940704
00950111
00950140
00950605
00960120
00960210
00960212
00960215
00960231
00960235
00960250
00960265
00960275
00960411
00960414
00960425
00960450
00960475
00960501
00960553
00960570
00960572
00960578
00960606
00960609
00960620
00960807
00970135
00970209
00970215
00970217
00970225
00970247
00970317
00970414
00970510
00970622