00440000
00440101
00440102
00440105
00440114
00440124
00440127
00440131
00440137
00440139
00440140
00440148
00440157
00440158
00440159
00440166
00440167
00440169
00440170
00440173
00440174
00440175
00440180
00440184
00440185
00440191
00440193
00440198
00440202
00440214
00440231
00440239
00440252
00440268
00440334
00440339
00450000
00450002
00460002
00460003
00460005
00460012
00460042
00460187
00460195
00460197
00460200
00460201
00460202
00460204
00460205
00460206
00460209
00460210
00460211
00460212
00460225
00460232
00460235
00460237
00460241
00460242
00460243
00460256
00460265
00460266
00460267
00460273
00460277
00460278
00460280
00460326
00460332
00460733
00460745
00460746
00460773
00460831
00460853
00460880
00460968
00470003
00470004
00480710
00480712
00480715
00480716
00480717
00480718
00480812
00480816
00480828
00480836
00480843
00480846
00480848
00480852
00480860
00480864
00480866
00480870
00480871
00480885
00480887
00480888
00480907
00480922
00480931
00480933
00480934
00480954
00480976
00480980
00480985
00490018
00490026
00490036
00490040
00490053
00490061
00490062
00490063
00490064