02040004
02040006
02040060
02040062
02040064
02040066
02040094
02040150
02040202
02040401
02040406
02040408
02050000
02050028
02050071
02050102
02050105
02050255
02050410
02050426
02050430
02050460
02050492
02050575
02050577
02050582
02050587
02050599
02050690
02050818
02050819
02050826
02050827
02050828
02050886
02060007
02060013
02060061
02060073
02060563
02060574
02060819
02060836
02060838
02060843
02060846
02060929
02060931
02060957
02060961
02060968
02060971
02060992
02060994
02060995
02070002
02070007
02070020
02070023
02070342
02070407
02070457
02070462
02070466
02070700
02070806
02070807
02070902
02070945