00440000
00440101
00440114
00440139
00440170
00440173
00440175
00440180
00440184
00440185
00440191
00440198
00440214
00440231
00440239
00440334
00450000
00450001
00450002
00450100
00450101
00450102
00450103
00450104
00450105
00450106
00450107
00450108
00450109
00450110
00450111
00450112
00450113
00450115
00450116
00450117
00450118
00450119
00450120
00460002
00460005
00460012
00460042
00460052
00460187
00460189
00460195
00460197
00460200
00460201
00460202
00460206
00460209
00460210
00460212
00460225
00460232
00460237
00460241
00460256
00460265
00460266
00460267
00460280
00460326
00460332
00460733
00460734
00460745
00460773
00460880