00440000
00440101
00440114
00440139
00440170
00440173
00440174
00440175
00440180
00440184
00440185
00440191
00440193
00440198
00440214
00440231
00440239
00440334
00440339
00450000
00450002
00460002
00460003
00460005
00460012
00460042
00460187
00460195
00460197
00460200
00460201
00460202
00460204
00460205
00460206
00460209
00460210
00460211
00460212
00460225
00460232
00460235
00460237
00460241
00460242
00460243
00460256
00460265
00460266
00460267
00460273
00460277
00460278
00460280
00460326
00460332
00460733
00460745
00460746
00460773
00460831
00460853
00460880
00460968
00470003
00470004