00140003
00140004
00140005
00140006
00140008
00140011
00140101
00140103
00140107
00140108
00140113
00140131
00140132
00140143
00140145
00140147
00140149
00140153
00140201
00140205
00140211
00140212
00140214
00140300
00140301
00140305
00140309
00140313
00140321
00140322
00140405
00140409
00140501
00140503
00140505
00140506
00140513
00140601
00140603
00140613
00140615
00140616
00140617
00140618
00140620
00140630
00140631
00140702
00140709
00140710
00140717
00140721
00140722
00140723
00140730
00140733
00140734
00140829
00140841
00140842
00140843
00140846
00140848
00140851
00140855
00140866
00140867
00140869
00140882
00140885
00140890
00140940
00140943
00140952
00140968
00140977
00150017
00160111
00160142
00160143
00160144
00160203
00160208
00160210
00160220
00160302
00160304
00160329
00160336
00160337
00160339
00160503
00160504
00160505
00160619
00160709
00160713
00160801
00160815
00160818
00160819
00160826
00160832
00160834
00160835
00170012
00170022
00170033
00180002
00180121
00180130
00180138
00180310
00180423
00180501
00180507
00180601
00180623
00180706
00180708
00180709
00180814
00180819
00180825
00180826
00190001
00190003
00190006
00190057
00190141
00190145
00190148
00190149
00190309
00190310
00190315
00190318
00190430
00190512
00190619
00190621
00190625
00190627
00190704
00190707
00190710
00190714
00190719
00190725