02040004
02040006
02040060
02040062
02040064
02040066
02040091
02040150
02040202
02040401
02040403
02040406
02040540
02040652
02040655
02040719
02050028
02050071
02050102
02050105
02050255
02050426
02050430
02050460
02050492
02050575
02050577
02050578
02050579
02050580
02050581
02050582
02050585
02050599
02050618
02050691
02050723
02050818
02050819
02050822
02050825
02050826
02050827
02050828
02050886
02060005
02060008
02060010
02060011
02060013
02060015
02060044
02060062
02060071
02060072
02060074
02060101
02060170
02060403
02060404
02060564
02060567
02060574
02060577
02060730
02060836
02060837
02060838
02060840
02060841
02060846
02060911
02060913
02060914
02060931
02060955
02060957
02060961
02060963
02060964
02060968
02060985
02060995
02070007
02070020
02070023
02070045
02070070
02070450
02070457
02070463
02070467
02070569
02070700
02070806
02070913
02070915
02070955