00940101
00940139
00940195
00940197
00940198
00940199
00940202
00940210
00940219
00940222
00940226
00940288
00940295
00940314
00940345
00940347
00940396
00940411
00940412
00940423
00940481
00940503
00940522
00940591
00940594
00940700
00940701
00940702
00940703
00940815
00940820
00950111
00950113
00950605
00960200
00960210
00960211
00960212
00960222
00960224
00960226
00960232
00960260
00960261
00960262
00960290
00960291
00960292
00960293
00960324
00960327
00960335
00960336
00960351
00960401
00960411
00960414
00960425
00960450
00960501
00960556
00960570
00960602
00960609
00960617
00960620
00960622
00960625
00960690
00960693
00960700
00970200
00970215
00970244
00970246
00970247
00970248
00970317
00970325
00970400
00970447
00970510
00970800