00140003
00140004
00140005
00140006
00140008
00140101
00140103
00140104
00140131
00140132
00140146
00140148
00140150
00140151
00140153
00140213
00140300
00140301
00140313
00140316
00140322
00140325
00140326
00140327
00140405
00140409
00140411
00140501
00140503
00140506
00140512
00140518
00140520
00140600
00140601
00140603
00140609
00140613
00140615
00140619
00140632
00140709
00140719
00140720
00140721
00140722
00140723
00140724
00140725
00140731
00140733
00140779
00140814
00140841
00140842
00140845
00140849
00140852
00140853
00140856
00140857
00140859
00140866
00140867
00140868
00140869
00140877
00140878
00140880
00140881
00140882
00140888
00140889
00140935
00140954
00140956
00140972
00150001
00150007
00150017
00150019
00160144
00160203
00160206
00160209
00160211
00160223
00160302
00160303
00160328
00160337
00160403
00160503
00160630
00160713
00160815
00160829
00160831
00160833
00160835
00170001
00170022
00170036
00180130
00180140
00180310
00180418
00180500
00180503
00180506
00180600
00180603
00180623
00180703
00180704
00180708
00180710
00180816
00180819
00180823
00190001
00190004
00190007
00190054
00190057
00190062
00190206
00190309
00190310
00190315
00190326
00190335
00190341
00190427
00190619
00190624
00190702
00190705
00190718
00190814