00440000
00440101
00440102
00440105
00440114
00440124
00440127
00440131
00440137
00440139
00440140
00440148
00440157
00440158
00440167
00440169
00440170
00440173
00440175
00440180
00440184
00440185
00440191
00440198
00440202
00440214
00440231
00440239
00440252
00440268
00440334
00450000
00450001
00450002
00460002
00460005
00460012
00460042
00460052
00460187
00460189
00460195
00460197
00460200
00460201
00460202
00460206
00460209
00460210
00460212
00460225
00460232
00460237
00460241
00460256
00460265
00460266
00460267
00460280
00460326
00460332
00460733
00460734
00460745
00460773
00460880
00480100
00480812
00480828
00480836
00480877
00480888
00480890
00480891
00480933
00480980
00490027
00490040
00490043
00490056
00490062
00490064