02340301
02340304
02340313
02340325
02340326
02340329
02360026
02360271
02360272
02360299
02360319
02360322
02360323
02360330
02360332
02360333
02360334
02360340
02360342
02360349
02360350
02360351
02360360
02360363
02360366
02360369
02360370
02360371
02360374
02360379
02360381
02360388
02360490
02360491
02360496
02360499
02360501
02360502
02360503
02360504
02360520
02360521
02360523
02360601
02360605
02360606
02360607
02360608
02360609
02360610
02360613
02360620
02360621
02360644
02360646
02360651
02360703
02360716
02360719
02360729
02360754
02360756
02360757
02360779
02360780
02360781
02360801
02360802
02360805
02360813
02360814
02360817
02360818
02360819
02360820
02360824
02360825
02360828
02360829
02360831
02360860
02360861
02360862
02360874
02360927
02360990
02360991