00360026
00440000
00440101
00440114
00440139
00440170
00440173
00440180
00440184
00440185
00440191
00440193
00440198
00440214
00440231
00440239
00440334
00440339
00450000
00460002
00460003
00460005
00460012
00460042
00460187
00460195
00460197
00460200
00460201
00460204
00460205
00460206
00460209
00460210
00460225
00460232
00460235
00460237
00460241
00460242
00460243
00460256
00460265
00460266
00460267
00460273
00460278
00460326
00460332
00460733
00460745
00460746
00460773
00460831
00460853
00460880
00460968
00470003
00470004
00860759
00860760
00940313
00940591
00960570
00970317
01040142
01040165
01140101
01150204
01240120
01240510
01240708
01250001
01250800
01340019
01340020
02360330
03360325
03360502