01040294
02340268
02340291
02340302
02340313
02340329
02340901
02360004
02360020
02360025
02360201
02360204
02360267
02360271
02360272
02360319
02360328
02360329
02360330
02360332
02360333
02360334
02360340
02360341
02360345
02360346
02360347
02360349
02360350
02360359
02360360
02360363
02360366
02360371
02360376
02360377
02360388
02360490
02360496
02360501
02360502
02360503
02360504
02360509
02360520
02360601
02360641
02360651
02360652
02360664
02360669
02360716
02360719
02360754
02360755
02360757
02360766
02360801
02360802
02360803
02360804
02360813
02360828
02360831
02360832
02360834
02360873
02360874