00140003
00140004
00140005
00140006
00140008
00140101
00140103
00140104
00140131
00140132
00140146
00140148
00140150
00140153
00140202
00140213
00140300
00140301
00140316
00140321
00140322
00140325
00140326
00140327
00140405
00140409
00140411
00140501
00140503
00140506
00140512
00140518
00140520
00140600
00140601
00140603
00140609
00140610
00140615
00140617
00140619
00140632
00140702
00140709
00140714
00140721
00140722
00140723
00140724
00140725
00140731
00140779
00140814
00140841
00140845
00140846
00140849
00140852
00140853
00140857
00140859
00140866
00140867
00140868
00140877
00140878
00140880
00140881
00140882
00140888
00140889
00140935
00140942
00140954
00140956
00140972
00150001
00150007
00150019
00160124
00160144
00160206
00160208
00160209
00160211
00160223
00160302
00160303
00160328
00160337
00160403
00160421
00160503
00160630
00160631
00160713
00160801
00160815
00160818
00160819
00160820
00160828
00160830
00160831
00160832
00160833
00160835
00170001
00170010
00170012
00170031
00170033
00170034
00170036
00180116
00180140
00180222
00180310
00180417
00180418
00180420
00180500
00180503
00180504
00180600
00180601
00180603
00180617
00180623
00180703
00180704
00180825
00180826
00190003
00190004
00190006
00190007
00190054
00190057
00190058
00190136
00190206
00190309
00190315
00190326
00190335
00190340
00190424
00190427
00190430
00190431
00190432
00190627
00190702
00190705
00190709
00190710
00190717
00190718
00190725
00190813
00190814