00440000
00440098
00440101
00440102
00440105
00440114
00440124
00440127
00440131
00440137
00440140
00440148
00440157
00440158
00440167
00440169
00440170
00440173
00440175
00440180
00440184
00440185
00440191
00440198
00440202
00440239
00440252
00440268
00440334
00450000
00460002
00460005
00460055
00460188
00460195
00460197
00460200
00460203
00460205
00460206
00460208
00460209
00460211
00460216
00460225
00460237
00460239
00460240
00460243
00460249
00460267
00460271
00460275
00460279
00460332
00460733
00460746
00460831
00460864
00460868
00460903
00460918
00460968
00480816
00480852