00940101
00940142
00940170
00940189
00940219
00940222
00940224
00940241
00940290
00940312
00940314
00940345
00940395
00940411
00940412
00940423
00940424
00940481
00940504
00940513
00940564
00940569
00940591
00940594
00940701
00940702
00940703
00940704
00940842
00950111
00960120
00960210
00960231
00960250
00960265
00960275
00960290
00960401
00960411
00960414
00960425
00960475
00960553
00960570
00960578
00960600
00960606
00960609
00960620
00960807
00970135
00970209
00970217
00970247
00970317
00970325
00970334
00970414
00970622