02040000
02040005
02040007
02040061
02040063
02040065
02040090
02040204
02040626
02040711
02040724
02050012
02050017
02050096
02050104
02050111
02050113
02050152
02050154
02050256
02050257
02050304
02050427
02050458
02050459
02050501
02050510
02050543
02050571
02050574
02050576
02050578
02050579
02050580
02050581
02050582
02050620
02050622
02050624
02050625
02050668
02050723
02050813
02050878
02050922
02050923
02060003
02060006
02060007
02060008
02060009
02060010
02060011
02060012
02060013
02060015
02060016
02060046
02060063
02060072
02060073
02060074
02060075
02060080
02060101
02060170
02060180
02060284
02060403
02060561
02060563
02060566
02060567
02060573
02060574
02060577
02060808
02060819
02060822
02060825
02060827
02060830
02060831
02060835
02060837
02060838
02060841
02060842
02060843
02060846
02060913
02060914
02060915
02060916
02060931
02060946
02060951
02060952
02060954
02060955
02060963
02060964
02060985
02070001
02070020
02070021
02070041
02070045
02070070
02070342
02070440
02070456
02070460
02070462
02070464
02070469
02070582
02070600
02070700
02070804
02070806
02070807
02070900
02070920
02070945
02070953
02070955