02340114
02340117
02340118
02340123
02340124
02340125
02340128
02340129
02340141
02340218
02340221
02340230
02340247
02340290
02340291
02340292
02340302
02340311
02340326
02340329
02360201
02360216
02360267
02360271
02360272
02360299
02360309
02360313
02360322
02360323
02360328
02360332
02360333
02360334
02360340
02360342
02360343
02360349
02360350
02360351
02360360
02360361
02360363
02360370
02360374
02360379
02360388
02360491
02360501
02360503
02360521
02360523
02360524
02360601
02360620
02360621
02360628
02360651
02360667
02360700
02360703
02360754
02360779
02360780
02360781
02360801
02360803
02360813
02360819
02360825
02360828
02360833
02360860
02360861
02360874
02360927
02360990
02380125