00440000
00440098
00440101
00440102
00440105
00440124
00440127
00440131
00440137
00440140
00440148
00440157
00440158
00440159
00440166
00440167
00440169
00440170
00440173
00440174
00440175
00440180
00440184
00440185
00440191
00440193
00440196
00440198
00440202
00440239
00440252
00440268
00440334
00440339
00450000
00450001
00460002
00460005
00460055
00460188
00460189
00460195
00460197
00460200
00460203
00460205
00460206
00460209
00460210
00460211
00460216
00460225
00460237
00460240
00460243
00460249
00460250
00460267
00460271
00460275
00460277
00460278
00460279
00460332
00460733
00460746
00460831
00460868
00460903
00460918
00460968
00470006
00480100
00480712
00480720
00480747
00480812
00480816
00480823
00480836
00480852
00480860
00480877
00480879
00480888
00480889
00480892
00480922
00480929
00480933
00480942
00480951
00480954
00480966
00480967
00480976
00480979
00480989
00490005
00490006
00490014
00490032
00490037
00490042
00490053
00490061
00490063