00360026
00440000
00440101
00440170
00440173
00440180
00440184
00440185
00440191
00440193
00440196
00440198
00440239
00440334
00440339
00450000
00450001
00460002
00460005
00460188
00460189
00460195
00460197
00460200
00460205
00460206
00460209
00460210
00460216
00460225
00460237
00460243
00460249
00460250
00460267
00460271
00460275
00460278
00460332
00460733
00460746
00460831
00460868
00460903
00460918
00460968
00470006
00840143
00860759
00940591
00940815
00960570
01040142
01040165
01040193
01040276
01240708
01250001
01250801
01340019
01340020
02360330
03360325
03360502
03360504