02340302
02340303
02340313
02340326
02340329
02360201
02360216
02360271
02360272
02360299
02360309
02360313
02360322
02360323
02360328
02360332
02360333
02360334
02360340
02360342
02360346
02360349
02360350
02360351
02360360
02360361
02360363
02360370
02360371
02360374
02360379
02360388
02360491
02360501
02360502
02360503
02360504
02360521
02360523
02360524
02360601
02360608
02360620
02360621
02360628
02360634
02360651
02360667
02360700
02360703
02360729
02360754
02360779
02360780
02360781
02360801
02360803
02360813
02360819
02360825
02360828
02360833
02360860
02360861
02360874
02360927
02360990
02380125