00940139
00940195
00940202
00940210
00940219
00940222
00940224
00940226
00940241
00940288
00940290
00940295
00940314
00940345
00940396
00940411
00940412
00940423
00940481
00940503
00940591
00940700
00940701
00940702
00940703
00940815
00940820
00950111
00950113
00950605
00960200
00960208
00960210
00960211
00960212
00960222
00960224
00960226
00960235
00960250
00960262
00960265
00960266
00960291
00960292
00960293
00960324
00960327
00960335
00960336
00960351
00960401
00960411
00960412
00960414
00960450
00960475
00960501
00960531
00960540
00960553
00960556
00960570
00960581
00960600
00960617
00960625
00960690
00960692
00960693
00960700
00970200
00970215
00970217
00970222
00970246
00970247
00970248
00970280
00970334
00970400
00970414
00970447
00970510
00970800