00940139
00940195
00940202
00940210
00940219
00940224
00940241
00940288
00940295
00940312
00940314
00940345
00940396
00940411
00940412
00940423
00940424
00940481
00940503
00940591
00940700
00940701
00940702
00940703
00940820
00940825
00950113
00950120
00950143
00950280
00950605
00960135
00960200
00960208
00960211
00960212
00960222
00960224
00960262
00960266
00960291
00960293
00960324
00960327
00960336
00960411
00960412
00960415
00960475
00960555
00960556
00960573
00960576
00960589
00960617
00960620
00960625
00960690
00960693
00960694
00960820
00970140
00970209
00970215
00970222
00970246
00970400
00970414
00970447
00970449
00970800
00980291
00980414
00980435
00980460