00940139
00940179
00940189
00940195
00940198
00940202
00940210
00940219
00940241
00940288
00940295
00940314
00940345
00940396
00940411
00940412
00940423
00940424
00940481
00940503
00940591
00940700
00940701
00940702
00940703
00940820
00950113
00950143
00950280
00950605
00960135
00960200
00960208
00960211
00960212
00960222
00960224
00960226
00960232
00960262
00960266
00960290
00960291
00960324
00960327
00960335
00960336
00960350
00960351
00960401
00960411
00960412
00960415
00960475
00960555
00960556
00960572
00960573
00960576
00960582
00960589
00960606
00960617
00960620
00960625
00960690
00960693
00960694
00960820
00970139
00970140
00970215
00970222
00970244
00970246
00970280
00970400
00970447
00970800
00980310
00980409
00980414
00980435
00980460