01040294
02340303
02340313
02340326
02340329
02360002
02360004
02360205
02360216
02360271
02360272
02360309
02360318
02360322
02360323
02360328
02360332
02360333
02360334
02360336
02360340
02360342
02360349
02360350
02360360
02360363
02360366
02360369
02360370
02360371
02360374
02360501
02360503
02360518
02360521
02360523
02360524
02360601
02360606
02360607
02360609
02360610
02360621
02360651
02360667
02360668
02360703
02360719
02360729
02360754
02360756
02360757
02360760
02360780
02360781
02360801
02360802
02360803
02360813
02360816
02360819
02360824
02360825
02360828
02360831
02360833
02360860
02360861
02360874
02360927
02360990