02040711
02040724
02050096
02050111
02050113
02050256
02050620
02050622
02050624
02050625
02050723
02050813
02050878
02060003
02060006
02060007
02060008
02060009
02060010
02060011
02060012
02060046
02060063
02060072
02060073
02060074
02060075
02060080
02060170
02060180
02060561
02060563
02060566
02060573
02060574
02060808
02060822
02060825
02060827
02060830
02060831
02060835
02060837
02060838
02060841
02060843
02060913
02060914
02060915
02060916
02060946
02060951
02060952
02060954
02060955
02060985
02070001
02070020
02070021
02070041
02070070
02070342
02070440
02070456
02070460
02070462
02070464
02070469
02070600
02070804
02070806
02070807
02070900
02070920
02070945
02070953
02070955