02040004
02040006
02040060
02040062
02040064
02040066
02040091
02040150
02040152
02040202
02040401
02040403
02040406
02040652
02040721
02050000
02050028
02050071
02050096
02050102
02050105
02050426
02050430
02050460
02050492
02050575
02050577
02050585
02050587
02050599
02050638
02050668
02050693
02050723
02050724
02050725
02050818
02050819
02050825
02050826
02050827
02050828
02050886
02060003
02060006
02060007
02060013
02060016
02060170
02060566
02060571
02060827
02060829
02060831
02060840
02060846
02060915
02060923
02060924
02060927
02060928
02060929
02060931
02060946
02060957
02060968
02060971
02060987
02070002
02070007
02070020
02070048
02070070
02070407
02070457
02070700
02070806
02070901