02040004
02040006
02040060
02040062
02040064
02040066
02040091
02040150
02040152
02040202
02040401
02040403
02040406
02040718
02050028
02050071
02050102
02050105
02050426
02050430
02050460
02050492
02050498
02050575
02050577
02050578
02050579
02050580
02050581
02050582
02050585
02050599
02050621
02050622
02050627
02050692
02050696
02050720
02050818
02050819
02050822
02050824
02050826
02050827
02050828
02050886
02050980
02060005
02060006
02060007
02060010
02060011
02060012
02060013
02060015
02060016
02060044
02060046
02060072
02060073
02060074
02060096
02060101
02060180
02060284
02060403
02060404
02060564
02060566
02060567
02060570
02060574
02060730
02060808
02060822
02060827
02060830
02060831
02060837
02060840
02060841
02060846
02060913
02060914
02060931
02060940
02060955
02060964
02060968
02070001
02070007
02070020
02070044
02070045
02070070
02070342
02070407
02070457
02070462
02070463
02070464
02070465
02070469
02070600
02070701
02070806
02070807
02070901
02070913
02070915
02070945
02070955