02040004
02040006
02040060
02040064
02040066
02040094
02040150
02040152
02040202
02040401
02040406
02050000
02050028
02050071
02050102
02050105
02050111
02050255
02050410
02050426
02050460
02050492
02050575
02050577
02050599
02050621
02050692
02050818
02050819
02050826
02050828
02050886
02060007
02060013
02060561
02060566
02060574
02060821
02060829
02060831
02060846
02060923
02060924
02060931
02060946
02060952
02060955
02060968
02060971
02070002
02070020
02070021
02070023
02070342
02070407
02070457
02070465
02070600
02070700
02070945