02340230
02340290
02340291
02340304
02340313
02340326
02340329
02360271
02360272
02360278
02360299
02360319
02360323
02360329
02360330
02360332
02360333
02360334
02360340
02360341
02360345
02360346
02360347
02360349
02360350
02360359
02360360
02360363
02360366
02360371
02360376
02360381
02360501
02360502
02360503
02360504
02360506
02360508
02360509
02360520
02360521
02360522
02360524
02360604
02360621
02360661
02360703
02360716
02360754
02360755
02360756
02360757
02360781
02360815
02360817
02360824
02360828
02360832
02360834
02360874
02360927
02380900