00440000
00440101
00440114
00440139
00440170
00440173
00440175
00440180
00440184
00440185
00440191
00440198
00440214
00440231
00440239
00440334
00450000
00450001
00450002
00460002
00460005
00460010
00460012
00460042
00460052
00460187
00460189
00460195
00460200
00460201
00460202
00460206
00460209
00460210
00460211
00460212
00460225
00460232
00460237
00460241
00460243
00460248
00460256
00460266
00460267
00460272
00460280
00460326
00460332
00460733
00460734
00460745
00460746
00460747
00460773
00460880
00460881