02040000
02040007
02040061
02040063
02040065
02040090
02040204
02040407
02040408
02040626
02040720
02050012
02050017
02050104
02050257
02050304
02050427
02050458
02050459
02050501
02050510
02050542
02050571
02050574
02050576
02050582
02050584
02050598
02050688
02050691
02050705
02050716
02050719
02050813
02050822
02050826
02050827
02050828
02050878
02050922
02060013
02060044
02060101
02060284
02060403
02060567
02060808
02060821
02060825
02060837
02060841
02060842
02060911
02060929
02060931
02060951
02060963
02060964
02060985
02070001
02070020
02070023
02070041
02070045
02070048
02070070
02070456
02070701
02070806
02070912
02070920
02070953